
==================================================================================================================
                                                     Sediment Quality (All Sites)                                 
                    ----------------------------------------------------------------------------------------------
                        MET     MET_ERMQ     PAH     PAH_ERMQ   PCB    PCB_ERMQ   DDT   DDT_ERMQ   PBDE   ERMQ_ALL
                        (1)       (2)        (3)       (4)      (5)      (6)      (7)     (8)      (9)      (10)  
------------------------------------------------------------------------------------------------------------------
YEAR                  -0.854    -0.0004    -0.923    -0.00000  -0.016  -0.0001   0.006   0.0001   -0.001  -0.0002 
                      (1.112)   (0.0004)   (3.506)   (0.0001) (0.026)  (0.0001) (0.005) (0.0001) (0.009)  (0.0002)
                                                                                                                  
Constant             1,785.079   0.798    1,921.940   0.009    32.973   0.183   -12.012  -0.261   2.103    0.328  
                    (2,234.153) (0.716)  (7,041.128) (0.244)  (53.194) (0.296)  (9.213) (0.200)  (17.935) (0.407) 
                                                                                                                  
------------------------------------------------------------------------------------------------------------------
Observations            20         20        20         20       20       20      20       20       16       20   
Log Likelihood        -82.470    56.818   -104.227    79.551  -21.105   72.368   5.760   74.719   2.410    74.407 
Akaike Inf. Crit.     172.940   -105.636   216.453   -151.102  50.211  -136.736 -3.520  -141.439  3.180   -140.814
Bayesian Inf. Crit.   176.501   -102.075   220.015   -147.540  53.772  -133.174  0.042  -137.877  5.736   -137.253
==================================================================================================================
Note:                                                                                  *p<0.1; **p<0.05; ***p<0.01
