
==================================================================================================================
                                                 Sediment Quality (Open Water Sites)                              
                    ----------------------------------------------------------------------------------------------
                        MET     MET_ERMQ     PAH     PAH_ERMQ   PCB    PCB_ERMQ   DDT   DDT_ERMQ   PBDE   ERMQ_ALL
                        (1)       (2)        (3)       (4)      (5)      (6)      (7)     (8)      (9)      (10)  
------------------------------------------------------------------------------------------------------------------
YEAR                  -0.849    -0.0005    -3.343    -0.0001   -0.016  -0.0001   0.005   0.0001   -0.002  -0.0002 
                      (1.391)   (0.001)    (2.666)   (0.0001) (0.030)  (0.0002) (0.004) (0.0001) (0.010)  (0.0002)
                                                                                                                  
Constant             1,766.822   0.997    6,793.420   0.196    32.349   0.180   -9.805   -0.213   3.497    0.445  
                    (2,792.951) (1.025)  (5,353.859) (0.191)  (60.492) (0.336)  (8.919) (0.193)  (20.946) (0.489) 
                                                                                                                  
------------------------------------------------------------------------------------------------------------------
Observations            20         20        20         20       20       20      20       20       16       20   
Log Likelihood        -84.997    56.132   -107.287    76.935  -22.300   71.173  11.333   80.288   0.608    73.368 
Akaike Inf. Crit.     177.994   -104.263   222.573   -145.869  52.600  -134.346 -14.666 -152.576  6.784   -138.735
Bayesian Inf. Crit.   181.556   -100.702   226.135   -142.308  56.162  -130.785 -11.104 -149.015  9.340   -135.174
==================================================================================================================
Note:                                                                                  *p<0.1; **p<0.05; ***p<0.01
