
===================================================================================================================
                                                 Sediment Quality (Tidal Creek Sites)                              
                    -----------------------------------------------------------------------------------------------
                        MET     MET_ERMQ     PAH     PAH_ERMQ   PCB    PCB_ERMQ   DDT    DDT_ERMQ   PBDE   ERMQ_ALL
                        (1)       (2)        (3)       (4)      (5)      (6)      (7)      (8)      (9)      (10)  
-------------------------------------------------------------------------------------------------------------------
YEAR                  -0.801    -0.0003     0.809     0.0001   -0.017  -0.0001   0.007    0.0002  -0.0004  -0.0001 
                      (0.769)   (0.0003)   (4.705)   (0.0002) (0.023)  (0.0001) (0.007)  (0.0002) (0.007)  (0.0001)
                                                                                                                   
Constant             1,686.802   0.712   -1,565.673   -0.140   34.464   0.192   -13.740   -0.299   0.752    0.141  
                    (1,545.214) (0.538)  (9,449.935) (0.315)  (46.478) (0.258)  (14.006) (0.304)  (14.958) (0.261) 
                                                                                                                   
-------------------------------------------------------------------------------------------------------------------
Observations            20         20        20         20       20       20       20       20       16       20   
Log Likelihood        -82.952    54.641   -105.475    77.722  -21.075   72.399   -2.704   66.256   4.444    69.587 
Akaike Inf. Crit.     173.905   -101.282   218.950   -147.444  50.149  -136.797  13.408  -124.512  -0.887  -131.174
Bayesian Inf. Crit.   177.466   -97.721    222.512   -143.882  53.711  -133.236  16.969  -120.950  1.669   -127.613
===================================================================================================================
Note:                                                                                   *p<0.1; **p<0.05; ***p<0.01
